TCGA.3C.AALI.01A.11R.A41G.13	TCGA.A1.A0SQ.01A.21R.A143.13	TCGA.A2.A0CL.01A.11R.A114.13	TCGA.A2.A0D3.01A.11R.A114.13	TCGA.A2.A259.01A.11R.A16E.13	TCGA.A2.A1FX.01A.11R.A13P.13	TCGA.A1.A0SD.01A.11R.A114.13	TCGA.A2.A1FV.01A.11R.A13P.13	TCGA.A2.A0CS.01A.11R.A114.13	TCGA.A1.A0SB.01A.11R.A143.13	TCGA.3C.AAAU.01A.11R.A41G.13	TCGA.A2.A0ES.01A.11R.A114.13	TCGA.A2.A0CO.01A.13R.A22I.13	TCGA.A2.A25A.01A.12R.A16E.13	TCGA.A2.A0CK.01A.11R.A22I.13	TCGA.5L.AAT1.01A.12R.A41G.13	TCGA.A2.A1G4.01A.11R.A13P.13	TCGA.A2.A0CV.01A.31R.A114.13	TCGA.A2.A1FZ.01A.51R.A14C.13	TCGA.3C.AALK.01A.11R.A41G.13	TCGA.A2.A3KD.01A.12R.A214.13	TCGA.A2.A1FW.01A.11R.A13P.13	TCGA.A2.A0CW.01A.21R.A114.13	TCGA.A2.A04U.01A.11R.A114.13	TCGA.A2.A0CR.01A.11R.A22I.13	TCGA.A2.A25D.01A.12R.A16E.13	TCGA.A2.A25B.01A.11R.A168.13	TCGA.A2.A0EP.01A.52R.A22V.13	TCGA.A2.A0T3.01A.21R.A114.13	TCGA.4H.AAAK.01A.12R.A41G.13	TCGA.A2.A0EW.01A.21R.A114.13	TCGA.A2.A3XS.01A.11R.A22V.13	TCGA.A1.A0SG.01A.11R.A143.13	TCGA.3C.AALJ.01A.31R.A41G.13	TCGA.A2.A1G6.01A.11R.A13P.13	TCGA.A1.A0SI.01A.11R.A143.13	TCGA.5T.A9QA.01A.11R.A41G.13	TCGA.A2.A1G0.01A.11R.A13P.13	TCGA.A2.A04W.01A.31R.A114.13	TCGA.A2.A3XT.01A.11R.A22V.13	TCGA.A2.A25C.01A.11R.A168.13	TCGA.A1.A0SF.01A.11R.A143.13	TCGA.A2.A3KC.01A.11R.A214.13	TCGA.5L.AAT0.01A.12R.A41G.13	TCGA.A2.A1G1.01A.21R.A13P.13	TCGA.A2.A25E.01A.11R.A168.13	TCGA.A1.A0SN.01A.11R.A143.13	TCGA.A2.A04N.01A.11R.A114.13	TCGA.A2.A25F.01A.11R.A168.13
hsa-miR-139-3p|MIMAT0004552	9.595824	5.557913	12.799116	3.825263	94.125029	7.05603	11.201496	8.535081	2.127971	2.090711	9.280017	17.983423	34.392464	39.899742	12.664754	5.207401	8.183001	6.171122	16.407842	6.798742	24.006213	4.537047	8.542278	3.383037	11.574227	38.019858	4.983815	39.802526	4.801547	3.40561	15.195816	7.889051	4.86613	5.701362	16.301466	0.412551	3.851778	12.847805	2.183923	10.694311	10.908957	5.882109	18.120032	3.963661	3.824845	20.388053	9.087668	4.902082	135.378973
hsa-miR-147a|MIMAT0000251	NA	NA	NA	NA	NA	NA	NA	NA	NA	NA	NA	NA	NA	NA	NA	NA	NA	NA	NA	NA	NA	NA	NA	NA	NA	NA	NA	NA	NA	NA	NA	NA	NA	NA	NA	NA	NA	NA	NA	NA	NA	NA	NA	NA	NA	NA	NA	NA	NA
hsa-miR-7-5p|MIMAT0000252	28.630164	3.705276	1.785924	NA	0.980469	1.603644	0.487022	148.975961	0.531992	NA	4.968094	0.321133	0.543756	3.239097	0.595988	0.7101	1.091066	0.881588	NA	0.15811	1.323176	4.789106	16.577092	0.751786	0.988043	24.897964	2.491908	0.58677	0.847332	0.162172	NA	1.660852	NA	23.353652	NA	NA	1.925889	1.713042	1.091961	3.007774	1.090896	0.63936	1.342223	1.913492	2.294909	3.398008	1.101536	NA	NA
hsa-miR-7-1-3p|MIMAT0004553	44.832949	47.55103	36.016118	17.978737	0.980469	15.394973	16.558735	311.918425	19.683739	25.506684	36.557643	25.369471	15.496998	14.42869	19.369626	14.912105	143.475307	12.783039	27.634258	10.593389	19.28058	123.760567	38.313388	19.546433	10.868482	43.403202	38.624567	15.256006	53.946787	11.02769	10.360784	9.411498	15.293549	22.366874	6.520588	22.277779	37.967527	83.938989	7.370739	19.383439	58.908363	19.820147	8.590236	21.868473	47.428079	64.562166	37.452203	1.885416	28.656862
hsa-miR-7-2-3p|MIMAT0004554	NA	NA	NA	0.382526	NA	NA	NA	NA	0.265996	0.418142	0.46869	NA	NA	NA	NA	NA	0.545533	NA	NA	NA	NA	NA	NA	NA	NA	NA	NA	0.097795	NA	NA	NA	NA	NA	NA	0.407537	NA	NA	0.285507	NA	NA	NA	NA	NA	0.136678	NA	NA	NA	NA	NA
hsa-miR-10a-5p|MIMAT0000253	93545.282537	5380.676869	31037.261207	16503.334289	28399.286216	19342.8207	24327.946712	10669.62756	37068.473877	16562.200765	115570.799781	31710.554248	122416.232266	37856.020533	61999.788717	66897.007409	9547.927291	12437.23638	28733.294589	26190.81161	99046.424044	8678.867288	45196.773925	9517.984974	51545.117045	100219.337575	10797.435331	15916.217936	99706.371316	25112.320267	21469.614936	16546.799229	11668.97808	9951.614096	28060.936515	119073.491914	13028.089092	18856.579677	16864.252538	4912.699324	31713.426088	30009.110874	23081.162439	52405.880489	6968.102712	13055.149681	139740.781183	33156.179602	19071.636225
hsa-miR-10a-3p|MIMAT0004555	6.76427	0.617546	3.869501	1.530105	NA	0.320729	1.217554	1.551832	2.659964	0.836284	10.686083	0.642266	22.837686	0.736158	9.982806	3.550501	1.091067	1.101985	1.727141	1.581102	13.420798	1.26029	5.159198	0.751786	8.892393	7.738556	NA	3.520617	13.557309	1.459547	0.690719	2.906493	2.780645	0.767491	1.22261	7.425924	1.375635	2.855068	2.183923	1.670986	3.272687	2.045951	2.684448	3.143593	1.529938	0.849502	12.116891	NA	NA
hsa-miR-10b-5p|MIMAT0000254	29544.75524	31887.596778	123808.528796	77189.226982	177010.942035	121162.281936	93319.183733	51415.329857	82054.86549	22680.877929	52019.275441	206801.330389	101116.55878	145306.023656	32635.882764	51371.020168	33487.573832	127309.818124	100876.265026	49910.8337	35674.745672	39377.789339	29092.464076	34385.933787	230395.16389	126197.667601	174715.735651	43340.842032	70030.554786	67455.568144	165684.809785	25834.011053	41119.487806	15868.748555	217059.728982	66724.423868	28026.912921	72873.317228	59675.692906	16856.574242	110713.903901	145792.917815	36073.091107	75994.991574	28072.450222	82426.348157	39083.026854	187209.787271	65264.522604
hsa-miR-10b-3p|MIMAT0004556	7.708122	5.557913	29.467734	19.508842	18.628912	21.168089	22.159484	12.414662	21.81171	5.435851	20.434787	27.617402	58.045777	19.876258	16.687677	15.622205	11.456201	27.549652	18.998552	16.28536	18.90253	9.57821	9.980088	9.021431	111.5078	21.86983	38.001592	35.206168	15.534415	20.595833	30.391632	13.563627	7.646774	11.40272	42.791351	16.502057	9.904572	20.270981	16.925402	10.69431	22.908808	24.423538	30.871163	20.228338	10.709568	13.592035	6.333829	10.935414	25.69236
hsa-miR-34a-5p|MIMAT0000255	240.052908	46.315938	72.925197	147.655167	82.3594	109.689179	82.793673	132.29376	223.70305	240.849998	316.73917	218.049	103.585206	48.733636	109.959875	152.198155	338.776299	124.965229	209.847641	200.167628	93.567525	150.982851	97.178992	113.143774	85.536364	101.947055	147.022545	175.150669	183.023654	125.52106	73.906921	109.201067	193.95001	230.795436	162.199591	107.675931	291.909752	95.073754	420.405156	169.772194	161.452551	60.483421	84.828591	65.878774	211.131451	157.157904	83.992076	38.839579	83.006085
hsa-miR-34a-3p|MIMAT0004557	0.157309	NA	0.297654	1.147578	0.980469	0.641457	0.487022	0.387958	0.797989	3.76328	0.937377	0.321133	0.815633	0.294463	0.893982	0.82845	3.818733	0.440794	0.575714	1.739214	0.189025	0.504116	0.169154	0.375893	0.705745	1.682295	0.622977	1.17354	NA	0.324344	NA	0.830425	2.085484	0.877135	0.407537	NA	1.650762	0.285507	1.09196	0.668394	1.090896	NA	0.671112	0.68339	3.059877	0.849502	0.275384	NA	NA
hsa-miR-181a-5p|MIMAT0000256	4074.764369	356.941495	1503.152009	2226.303349	898.109654	1830.718811	1317.880466	1610.802618	1400.737546	5920.477685	570.955388	1036.93699	1068.613236	400.175266	1612.297863	1690.038631	634.455455	889.082443	969.789713	3061.489566	877.455461	902.620346	3658.294301	2810.551468	1395.259026	2968.577092	849.117491	2800.552581	934.324449	1924.494056	1145.211902	2050.184323	1126.161354	2948.151289	2122.043371	2332.565985	6202.463211	461.093425	1040.366262	1692.04059	2205.790913	431.695615	3002.422172	1826.290798	501.054705	920.860375	441.164932	893.310315	6889.505067
hsa-miR-181a-2-3p|MIMAT0004558	299.672861	186.498845	649.183074	633.463636	932.426072	740.241591	664.297469	401.148821	743.194211	6948.689746	611.543741	531.474361	224.978363	362.189533	519.40397	506.301488	582.084241	809.298645	776.63777	350.056184	418.312999	176.440728	498.919824	10647.16735	672.716694	429.658047	332.669656	467.264037	808.354466	629.06484	1069.232826	894.369209	609.656487	566.298539	731.935837	527.653325	317.771691	628.685894	880.393913	621.272655	1459.618318	519.543626	624.134431	448.850395	409.640908	672.805734	402.060422	1134.266538	1786.607167
hsa-miR-181b-5p|MIMAT0000257	1137.341097	53.108943	327.716905	529.416463	256.882892	527.919268	255.442832	283.985428	223.171053	1553.81701	99.080587	149.968901	200.781296	81.419033	327.79367	318.006567	134.201236	144.360183	156.306269	494.252767	148.006813	221.811197	823.69557	1830.974482	279.192951	1108.968618	179.417345	506.284205	186.130538	309.099661	225.865076	659.081732	222.451623	591.516096	231.480824	483.510314	942.034865	81.083921	245.145341	281.728264	493.084813	67.772121	592.592151	376.137725	112.450449	217.47256	69.672117	189.295809	1122.558483
hsa-miR-181c-5p|MIMAT0000258	42.945246	4.940367	42.564502	120.878324	23.531257	15.074245	53.085356	13.578538	63.573161	283.082377	394.072639	23.763809	90.127284	17.962246	162.853854	33.374711	25.640073	76.477839	34.254966	61.979233	92.622398	8.822035	53.621828	105.250024	82.854531	21.869831	21.804191	47.626119	28.24439	136.224406	24.175162	241.100458	120.95807	121.81175	77.02443	51.15638	126.283295	66.808584	49.411255	34.422315	33.817763	36.954988	127.914002	90.754161	39.778393	17.839545	19.827638	32.806245	47.432049
hsa-miR-181c-3p|MIMAT0004559	45.776801	5.557913	37.504387	158.365909	18.628912	21.168087	38.961729	10.474872	96.556727	135.478123	341.485876	27.617399	62.259874	30.624155	145.272193	29.942561	37.641809	67.441553	56.132085	66.722543	80.713805	8.569978	32.562151	575.116189	71.280304	13.458357	26.16503	44.496682	33.045937	180.821681	35.226663	155.151328	118.872587	110.299387	41.976276	46.618315	67.956371	83.367976	67.155626	43.779838	43.635825	32.607341	117.444651	65.742096	87.588952	54.36814	21.755325	73.531241	61.266397
hsa-miR-182-5p|MIMAT0000259	52062.69314	140527.495305	19871.967166	47436.327532	26300.101969	18416.877255	39395.42112	142793.850236	45625.049199	31743.695459	84559.326686	26005.634598	25966.853009	125805.945335	27737.155364	26266.727147	55780.254731	30803.59917	34218.982494	69462.594188	12671.500294	33079.863625	39656.302679	16457.344424	32178.187774	33425.848323	51015.576915	4806.228211	71535.980813	21953.860146	22544.37351	19896.739248	59547.519488	61657.027904	13314.222583	37475.350043	22686.422621	35629.530995	91888.828497	16988.247946	83270.24321	103610.527695	19264.949491	80943.826871	48824.529505	27132.250501	17413.897799	103972.798718	4550.512171
hsa-miR-182-3p|MIMAT0000260	NA	NA	NA	NA	NA	NA	NA	0.387958	0.531992	NA	0.843639	NA	0.543755	0.147232	0.297994	0.11835	0.545533	0.220397	0.575714	0.15811	0.189025	0.504116	0.253731	0.751786	0.423447	NA	0.622977	NA	1.694664	NA	0.690719	0.415212	NA	0.219284	NA	0.412551	NA	NA	0.818971	0.334197	NA	0.63936	NA	NA	1.147455	NA	NA	NA	NA
hsa-miR-183-5p|MIMAT0000261	19574.222285	45590.938876	14488.004103	15305.644287	7943.760295	5242.629583	16637.145041	30538.520954	10410.570903	8266.674467	28770.583361	6419.760702	5214.060456	37993.534777	6980.217202	6896.967171	19085.489449	6904.824978	26944.552153	18230.59089	4707.486179	17894.366447	32852.58911	14603.440476	7339.612962	14650.430956	25580.676755	1123.859005	27107.271637	6109.178027	8368.059227	11680.362242	20903.501178	30855.211667	2784.697976	9504.773212	7551.961172	10331.347736	33664.079356	7639.414552	34626.117354	32886.484898	6919.301967	18309.78851	37791.763971	18827.517073	7932.982588	34098.510744	4380.547329
hsa-miR-183-3p|MIMAT0004560	1.415778	1.852638	1.190616	1.530106	NA	NA	0.730533	0.775916	0.797988	2.090712	3.374554	NA	0.135939	0.147232	0.446991	NA	9.819601	0.881588	0.863571	0.31622	0.567076	0.756174	2.452733	1.127679	1.270341	1.345836	1.868931	0.097795	2.541996	NA	NA	2.768089	2.780645	3.837456	NA	NA	0.550254	1.142028	1.910933	2.33938	4.363584	2.045952	0.268445	0.68339	6.119753	3.398008	0.826152	0.377083	1.976336
hsa-miR-187-5p|MIMAT0004561	NA	NA	NA	0.382526	NA	NA	NA	NA	NA	0.418142	NA	NA	NA	NA	NA	3.0771	NA	NA	0.287857	1.422994	NA	NA	1.014924	0.375893	NA	NA	NA	0.097795	NA	0.162172	NA	0.553616	0.695161	NA	NA	0.412551	NA	NA	NA	NA	1.090896	NA	NA	0.136678	NA	NA	NA	NA	NA
hsa-miR-187-3p|MIMAT0000262	9.281208	1.235092	68.162735	65.794532	NA	2.886558	24.35108	NA	65.701132	132.132985	1.874752	9.95511	6.253175	19.729025	0.297994	1056.747543	4.909801	2.644766	127.520584	474.330871	11.530544	4.537047	192.074404	45.483044	3.952175	NA	8.721677	44.007705	3.106883	4.540814	17.958691	72.247093	4.866129	1.644624	1.22261	108.913585	1.650762	0.285507	73.161418	2.005183	142.907326	5.626366	19.19381	0.68339	1.912423	15.291038	22.856861	NA	2.964503
hsa-miR-196a-3p|MIMAT0004562	1.573086	NA	NA	4.590316	NA	NA	0.730532	0.387958	1.063985	0.418142	0.281213	0.321133	1.359386	NA	0.148997	2.011951	NA	0.661192	NA	NA	NA	1.764407	NA	NA	1.129193	1.009377	0.622977	0.684564	2.541996	NA	NA	NA	NA	NA	0.407537	NA	1.100508	NA	0.27299	NA	NA	2.173823	0.402667	NA	NA	NA	NA	NA	NA
hsa-miR-199b-5p|MIMAT0000263	145.195829	56.814219	125.312277	179.787384	104.910188	165.495955	183.120125	192.427287	326.377699	258.411977	161.041101	611.115234	220.764268	216.577563	290.097397	381.678892	413.514391	282.549254	382.273891	623.428878	308.867346	223.575604	106.905349	186.067003	193.656588	54.169887	88.462718	547.260267	300.520318	567.601687	564.317327	226.567998	217.585496	352.716825	570.551322	245.055568	121.331009	282.080682	392.287149	129.668525	273.814797	246.920686	386.560678	334.724305	328.171706	176.696454	184.50718	92.762489	266.805274
hsa-miR-199b-3p|MIMAT0004563	2159.217683	1681.577312	5814.668205	4730.703362	580.43768	2241.572135	5649.937639	1944.834667	7516.795015	12422.173253	1886.093138	8136.535285	2760.912708	1617.190989	4092.652965	3562.809728	4831.790199	8662.713327	5709.64053	3522.539177	2664.122639	3965.127248	4326.114431	5044.107277	3163.998619	751.64924	3001.502622	8429.431492	4924.691982	4905.700278	9828.238938	5243.450567	6376.714875	2302.033709	5462.62135	10211.886433	1670.846302	3565.693966	8844.614703	3629.047756	4625.397361	4922.941183	4359.008569	2300.69997	5436.634754	2143.294031	4370.341713	3832.674566	2659.159225
hsa-miR-203a-3p|MIMAT0000264	7930.869798	754.641011	759.910312	13130.981992	3802.259	669.681305	2933.818146	115.999514	5785.157816	11127.18636	4549.739209	4598.939174	1075.410169	2863.505785	2084.767741	3637.133557	5718.282134	3933.429453	7776.164821	8952.995233	2004.613351	2611.322756	5190.491545	35158.017871	1195.674175	2566.17222	9518.46379	657.475121	11668.040287	8040.158957	1505.07644	13142.18948	33031.980895	1659.753586	3532.527746	1863.082417	10092.75907	2605.249216	5746.720088	568.469493	16313.252857	3492.437975	2289.298252	3918.830246	39074.234515	2481.395902	10561.796827	5290.855656	6661.238333
hsa-miR-204-5p|MIMAT0000265	0.786543	1.235092	2.678885	0.382526	9.804691	1.924372	5.84426	4.655498	0.265996	22.579687	2.249702	36.930243	2.039079	9.864512	10.578795	2.603701	2.727667	5.069136	8.635706	2.213544	3.969531	3.024698	1.437809	1.503572	2.540683	2.355213	NA	3.129437	4.801547	1.459547	12.432941	1.660853	2.085484	1.3157	53.387303	0.825102	0.275127	1.713041	0.818971	6.683944	3.272687	9.078907	2.952894	3.963661	1.912423	10.194026	0.275384	0.754166	12.846179
hsa-miR-205-5p|MIMAT0000266	263.963812	264.927164	708.11854	7241.223792	3642.442544	358.895296	1904.98501	472.921096	2591.071877	19355.391735	4.96809	8777.194711	2575.2206	1153.264479	2125.890946	718.148067	4701.407691	4849.841159	2767.167855	2102.39254	1667.014159	756.426601	273.944959	8680.871412	1243.100276	587.793742	173.81055	171.825644	3590.709402	1190.828336	2648.906905	1282.17833	2442.101748	3.398888	9448.737392	3259.156577	79.236578	4114.152457	2415.145723	1199.099671	3569.410417	1299.434487	1191.626988	874.875572	488.815199	2619.864758	168.534918	567.133268	294.47397
hsa-miR-205-3p|MIMAT0009197	NA	NA	2.381231	4.590315	0.980469	NA	0.487022	NA	1.32998	10.035415	NA	5.138123	2.039082	0.88339	2.53295	0.82845	NA	3.305956	0.287857	0.632441	0.7561	0.252058	NA	9.397324	1.552639	NA	NA	NA	2.259552	0.324344	0.690719	1.245638	NA	NA	3.260294	2.062756	NA	0.856521	0.54598	0.668394	NA	0.383616	0.402667	0.546712	NA	NA	NA	NA	NA
hsa-miR-210-3p|MIMAT0000267	1991.212114	770.079657	135.134855	376.023401	1.960938	55.165317	157.064469	128.802137	965.567284	559.474479	343.735578	159.602876	48.394139	4.122483	154.361019	222.261383	1342.557939	79.563401	456.540957	285.389076	82.226007	1327.33838	989.635677	646.535845	24.277648	26.916714	1244.707811	129.578246	943.080209	344.939653	195.473444	655.898435	1338.88072	287.91868	96.993725	684.835433	966.796297	152.175105	1088.412569	571.477269	329.450473	95.136711	76.506799	81.596738	2416.919589	421.353088	288.326892	178.73748	358.704867
hsa-miR-211-5p|MIMAT0000268	0.786543	NA	NA	0.382526	NA	NA	0.243511	NA	NA	NA	3.562027	1.28453	NA	NA	0.297994	NA	NA	NA	NA	0.15811	NA	NA	NA	NA	NA	NA	NA	NA	NA	0.324344	NA	NA	0.695161	0.109642	0.407537	NA	NA	NA	0.54598	NA	1.090896	NA	NA	NA	NA	NA	0.275384	NA	NA
hsa-miR-212-3p|MIMAT0000269	1.258469	1.852638	9.227271	0.765052	6.863283	2.886559	3.652662	7.371204	1.595978	5.017708	6.374154	1.926797	5.165667	3.82802	3.426934	2.6037	4.364267	3.305959	2.014999	2.055433	3.402455	4.537047	2.791041	1.879465	2.822983	8.075014	3.114885	8.214773	3.671771	1.297376	4.835033	9.273094	2.085484	3.947096	2.037684	1.650206	6.878175	2.569562	3.275885	11.028509	5.454479	1.662336	4.429341	1.503458	5.737269	5.946515	1.101536	1.13125	9.881677
hsa-miR-181a-3p|MIMAT0000270	600.918809	28.407109	334.562943	486.190987	187.269588	253.696317	202.844498	315.02209	247.110743	544.421352	89.144408	179.834227	149.940264	71.70175	314.979916	305.461463	88.376426	139.731845	179.622674	467.532129	130.049408	210.972696	352.686161	234.181298	264.09	693.441845	166.334829	537.871958	176.245	332.776759	436.534334	278.746452	214.109688	354.800015	145.08305	391.511339	415.441779	102.496929	205.83473	354.249064	542.175117	130.301492	550.043633	249.710621	105.183242	372.081959	122.545816	137.258317	1077.102773
hsa-miR-214-5p|MIMAT0004564	19.663573	4.940367	17.263925	27.924423	12.746098	12.187687	26.299166	19.785871	49.475346	60.212499	19.028722	47.206485	19.847035	10.600669	40.080226	24.971858	39.823943	44.299842	34.254967	33.677493	23.439137	20.164654	11.417896	21.050004	29.923612	4.037507	7.475723	90.264694	29.091723	43.462071	64.236857	45.119832	18.769356	24.998272	31.787859	44.143007	17.333001	20.270981	48.592285	30.411947	50.181199	18.029941	31.542276	16.401354	37.483483	26.334568	26.161466	12.820833	12.84618
hsa-miR-214-3p|MIMAT0000271	2.988862	0.617546	6.250732	3.442736	9.80469	2.565829	7.061815	5.819372	8.245888	10.035416	2.812127	6.10152	4.893792	13.250838	5.66189	6.745951	3.818734	7.934298	4.60571	6.956853	2.646354	4.284989	1.776117	3.007144	3.10528	7.738555	11.213584	22.10165	5.648879	9.568143	22.103006	10.103521	10.427419	4.276021	4.890441	4.538064	4.402032	4.568109	10.646621	5.681352	10.908958	4.347646	6.040009	6.833899	4.972302	21.237555	3.855374	0.754166	14.822515
hsa-miR-215-5p|MIMAT0000272	3.146172	0.617546	18.156887	11.475791	0.980469	0.641457	4.383194	6.595289	4.787936	12.126128	2.812128	3.532458	11.962597	1.91401	7.151861	1.6569	2.727666	2.424369	6.908565	2.055433	3.780506	3.780872	3.636811	4.510715	7.057455	3.701049	3.114884	28.164932	7.343542	0.486516	4.144314	5.67458	4.170968	2.083191	2.037684	5.363169	0.825381	3.140575	5.186817	30.411947	6.545374	5.754237	2.281781	0.820068	3.442361	1.699004	4.681525	0.377083	NA
hsa-miR-216a-5p|MIMAT0000273	0.157309	0.617546	0.892962	NA	NA	0.320729	0.487022	NA	NA	0.836285	0.187476	0.642266	NA	0.441695	1.340973	0.11835	NA	0.661191	NA	0.474331	0.378051	0.252058	0.084577	0.375893	0.141149	NA	NA	0.684565	NA	NA	0.690719	0.276809	NA	NA	NA	NA	0.275127	0.571014	0.27299	1.670985	NA	0.127872	0.939557	0.136678	0.76497	NA	NA	NA	NA
hsa-miR-217|MIMAT0000274	5.348492	9.880734	15.775655	16.066106	6.863283	23.413188	42.127369	7.759165	4.255943	13.380555	22.778223	20.552483	11.826658	11.189595	40.080224	7.337703	12.001736	16.309395	15.54427	23.084101	59.542971	9.074094	13.024861	41.348224	13.550316	5.046884	5.606792	17.309698	17.229079	6.649049	16.577253	19.653424	12.512904	7.894191	11.818563	4.950617	38.242654	6.566655	12.830547	25.398991	7.636269	7.928059	37.17962	5.467119	4.207331	9.344523	4.681525	4.147916	77.07708
hsa-miR-218-5p|MIMAT0000275	13.843156	12.968462	42.266849	40.165265	28.433602	33.355774	35.796088	43.839279	17.821764	114.98915	38.057444	76.108415	47.850383	47.555782	64.813747	33.256362	99.287094	47.8262	39.436388	43.48033	98.671207	17.139957	27.572107	35.70983	63.234803	24.561503	10.590607	85.863924	56.771225	24.163615	53.876073	52.593672	31.282259	29.164649	59.907889	16.089506	21.184779	43.111521	29.482959	42.777245	30.545078	35.420523	52.346758	35.262913	87.971438	22.936558	17.349185	6.410416	24.704191
hsa-miR-218-1-3p|MIMAT0004565	NA	NA	2.381231	2.295158	2.941407	0.320729	0.974044	NA	NA	2.508853	0.656164	1.926796	0.543755	2.061242	1.936962	0.35505	1.636599	2.644766	1.151428	0.632441	1.323176	0.756174	0.338308	NA	1.129192	0.672918	1.245954	1.760309	1.41222	0.81086	3.453595	0.415213	NA	0.877133	0.815073	1.237654	0.550254	0.856521	0.54598	NA	4.363582	1.406592	1.208001	0.820068	0.382485	0.849502	0.826152	NA	0.988168
hsa-miR-218-2-3p|MIMAT0004566	NA	NA	NA	NA	NA	NA	NA	NA	NA	NA	NA	NA	NA	NA	NA	NA	NA	NA	NA	NA	NA	NA	NA	NA	NA	NA	NA	NA	NA	NA	NA	NA	NA	NA	NA	NA	NA	NA	NA	NA	NA	NA	NA	NA	NA	NA	NA	NA	NA
hsa-miR-219a-5p|MIMAT0000276	0.629234	1.235092	0.297654	1.530105	NA	3.207286	NA	1.93979	0.531992	1.254426	0.562427	0.642266	0.271877	0.147232	1.787965	0.9468	3.273201	0.220397	NA	0.948661	0.756101	0.756174	0.676616	1.879465	1.129192	0.336459	NA	0.78236	0.564888	NA	0.690719	1.384044	NA	0.548208	1.22261	1.237654	2.201016	NA	0.818971	2.339381	NA	0.383616	0.536889	0.546712	0.382485	0.849502	0.275384	NA	NA
hsa-miR-219a-1-3p|MIMAT0004567	0.786543	5.557912	1.48827	1.147579	3.921876	4.4902	1.217554	0.387958	1.329982	1.672569	2.062227	3.532458	2.310956	0.294464	2.681947	1.06515	2.182133	1.322383	1.727141	1.897323	1.890254	1.260291	1.945271	4.510715	1.55264	1.009377	2.491908	0.880154	1.694663	1.297375	2.072157	4.705748	1.390323	1.534982	2.44522	1.237653	2.476143	0.285507	1.364951	1.670986	11.999852	1.406591	0.671112	0.546712	1.147454	NA	1.376919	1.885416	5.929006
hsa-miR-221-5p|MIMAT0004568	NA	NA	3.571847	2.295157	21.570319	0.962187	1.461065	0.387958	0.265996	2.926996	0.374951	0.642265	0.815633	6.183725	0.744985	0.2367	0.545533	0.661191	1.439285	0.63244	1.134151	0.756174	1.099501	0.751786	0.846894	3.701049	0.622977	1.662515	1.694664	NA	2.762876	0.968829	NA	0.54821	4.075368	0.412551	0.550254	0.571014	1.09196	1.670986	NA	0.383616	0.805334	NA	4.207331	NA	0.275384	NA	3.952672
hsa-miR-221-3p|MIMAT0000278	72.204643	8.645642	351.529214	63.499372	72.554711	68.315192	118.102742	31.424616	66.233126	245.031423	32.058241	140.977189	163.126306	49.469791	67.197702	93.733233	99.287094	59.066456	122.051303	68.145535	125.512801	28.230515	166.193838	148.101818	177.28329	114.732493	59.182804	284.387571	70.610978	69.733922	64.927575	156.53537	72.296776	114.465766	119.000705	38.367285	81.987847	34.831827	66.336657	113.627058	44.726719	49.614308	89.52638	67.51891	361.830344	74.756192	35.524518	38.462496	368.586546
hsa-miR-222-5p|MIMAT0004569	2.202322	0.617546	14.882696	6.885474	2.941407	3.207287	6.331282	0.775916	0.797989	12.126126	1.687277	6.101519	4.621914	0.88339	1.191976	4.37895	7.091933	4.848738	3.74214	1.422991	4.536607	1.26029	4.313427	5.638395	3.246429	1.682295	1.868931	5.183131	4.23666	1.62172	6.90719	2.214469	4.866128	5.262794	1.630148	1.237653	0.550254	2.284055	3.548873	3.341971	2.181792	2.813184	2.013334	2.73356	38.630938	5.097012	2.203072	1.508333	10.869844
hsa-miR-222-3p|MIMAT0000279	23.438981	11.115827	111.322545	32.514738	33.335948	18.922988	42.614393	8.923039	23.407687	170.183939	6.092943	54.913668	29.634612	10.011744	18.028651	31.717812	77.465754	30.194422	60.737795	12.965045	21.548884	23.44141	45.502436	71.795553	28.79442	25.234419	61.051735	55.938684	27.114616	17.028051	28.319474	41.521319	39.624195	21.160818	55.832525	18.152261	17.608128	24.553582	25.661092	42.777245	44.72672	17.13484	13.019579	13.121083	265.061766	63.712665	16.523034	9.049998	155.142326
hsa-miR-223-5p|MIMAT0004570	0.629236	NA	14.58504	3.06021	12.746098	2.565829	1.948087	1.551832	1.595978	NA	0.468689	2.247928	2.175018	5.889263	1.191976	4.142251	2.182132	1.983574	3.166426	1.581101	1.323177	1.764407	1.099501	0.375893	3.387578	1.682295	0.622977	5.769901	1.977108	1.135204	2.072157	1.245639	2.780645	0.877133	1.630147	0.412551	0.275127	2.284056	2.456912	1.002591	2.181791	0.127872	1.208	2.186848	9.17963	2.548506	0.275384	1.13125	4.940838
hsa-miR-223-3p|MIMAT0000280	51.597218	14.821101	182.461818	58.526529	897.129186	123.801238	69.64409	69.832482	61.977183	44.741233	38.713608	257.227169	272.013114	190.959278	125.157582	128.764849	238.398136	80.224592	99.886327	102.929799	137.043344	55.956916	78.402895	27.816078	201.843236	367.413147	38.624568	662.951637	93.771378	40.542979	96.700644	152.936857	68.820972	70.060942	75.80182	18.564815	43.745193	81.940442	115.747911	407.052231	110.180457	68.283608	77.446358	73.942772	143.049207	96.843248	29.190688	17.722915	588.947938
hsa-miR-224-5p|MIMAT0000281	6.606961	3.08773	113.108468	12.240843	13.726567	2.886558	6.331281	6.59529	7.979894	63.557638	4.311927	14.450965	11.690719	1.766779	8.194841	4.734002	49.098012	3.08556	46.632809	26.088197	4.347582	8.065861	62.502416	19.17054	4.234473	2.018754	4.360839	23.079596	12.427533	52.868043	21.412287	572.855796	15.98871	13.376269	10.595954	64.770579	9.629445	6.852163	32.485852	66.50525	5.454479	0.511488	3.489783	2.460203	213.808839	6.796018	0.826152	3.016666	113.639283
hsa-miR-224-3p|MIMAT0009198	1.10116	NA	3.869501	1.912632	NA	NA	0.487022	0.387958	0.531992	17.143837	0.749901	2.569062	0.815633	0.147232	0.893982	0.7101	2.727666	0.440794	5.181424	1.422992	0.567076	1.008232	0.761193	2.255358	0.282298	0.672918	0.622977	3.129438	1.977108	2.919095	3.453595	21.867893	2.780645	0.877134	2.445221	2.475309	0.275127	0.285507	1.637942	3.676169	2.181792	0.255744	1.073779	0.136678	6.502239	NA	NA	NA	2.964503
hsa-miR-200b-5p|MIMAT0004571	5.663111	37.052751	2.381231	26.011791	54.906267	12.508415	7.061813	38.795823	10.905855	44.741231	22.684487	10.918507	23.381438	21.643034	18.922634	10.296453	22.912405	17.631778	14.968556	15.494809	19.280581	24.197585	13.955207	40.220545	27.10063	22.542749	52.953036	11.735389	29.374167	9.892487	13.12366	20.207041	58.393552	20.283684	8.55827	11.963991	40.993923	29.692704	11.192604	18.715043	41.454033	3.32467	11.945798	13.941151	33.658637	68.809677	16.247649	6.033333	3.952671
hsa-miR-200b-3p|MIMAT0000318	295.897455	869.504537	115.787354	734.833116	556.906423	524.711978	190.181934	759.622235	404.846664	959.636716	967.558941	415.224382	1580.965774	694.932766	1322.200468	568.080212	799.752106	582.730288	625.512927	848.577933	627.753035	689.379126	643.208214	962.28591	1358.983702	743.574226	778.721103	440.566032	578.72757	430.566421	422.029237	882.604837	1633.629125	1122.948622	327.659473	534.254146	1323.636023	698.349543	307.933127	370.290534	692.71871	152.039718	499.039102	770.043582	501.054707	942.097933	318.619118	240.202057	55.337391
hsa-let-7g-5p|MIMAT0000414	336.168454	303.215005	806.046658	773.08575	272.570397	488.469648	483.855963	323.169213	557.79465	935.802602	347.297605	391.781708	414.068938	873.524595	480.813716	441.919064	1659.512899	584.052671	328.732518	342.783112	455.929034	939.924954	296.949907	492.795637	527.897698	781.594083	418.01749	700.700469	450.780478	319.478664	296.318402	612.57786	515.809704	582.086922	400.608534	317.252076	725.509913	963.299819	332.502259	621.606852	406.904061	295.895633	668.159396	369.167148	1057.569661	341.499881	293.559188	82.958324	166.01217
hsa-let-7g-3p|MIMAT0004584	14.787008	69.78268	56.851888	89.893691	1.960938	12.187687	27.760232	5.819373	59.849211	297.717361	40.119671	44.316292	24.468945	3.680788	74.647559	20.001157	72.555954	69.20473	34.254965	12.174493	18.52448	41.337542	40.850699	61.270549	19.337429	16.150029	40.493498	35.89073	53.381899	13.946785	33.845225	101.865635	59.783875	18.639063	33.010468	49.506175	42.644686	25.124596	43.678458	133.344695	31.635974	26.59736	13.556468	10.524203	48.575533	43.324612	43.786033	5.656249	36.562204
hsa-let-7i-5p|MIMAT0000415	298.886319	261.839437	567.328263	421.544037	218.644599	486.224547	346.759383	163.718377	360.425251	1030.720918	159.353826	477.845228	347.187154	421.671066	348.057279	401.798399	616.452849	456.663072	451.071678	428.162668	343.837028	360.695256	438.785565	827.716242	431.492852	285.317169	310.242488	728.865401	345.428901	346.074856	397.163357	393.345296	408.059701	385.390005	909.621819	335.40434	441.578844	303.208184	315.576856	498.62227	322.905099	330.037436	418.77407	345.931897	668.965401	344.048387	298.240711	121.420819	850.812374
hsa-let-7i-3p|MIMAT0004585	35.394433	33.965022	197.939819	86.450954	57.847675	38.487432	71.348666	30.260742	89.906816	374.655555	26.902677	103.08355	38.878436	116.754595	46.189107	25.91866	154.931513	72.510689	56.132086	30.199065	56.140516	88.72448	57.258641	124.796454	78.620057	297.09323	96.561417	139.651118	92.359158	27.89357	73.216202	111.692346	70.211294	14.034118	66.428475	90.761323	47.596971	78.51436	48.046303	136.686668	101.453292	76.083795	28.99205	19.681625	256.647105	71.358184	46.539871	22.624997	158.106828
hsa-miR-1-3p|MIMAT0000416	1.415778	3.705275	3.869501	1.912632	7.843752	3.848744	8.766389	13.578537	0.265996	1.254427	5.34304	5.138122	1.223448	12.367448	5.661891	4.497301	3.818734	3.967151	1.439284	2.845986	3.780506	8.569978	1.522386	1.503572	1.129193	8.411473	0.622977	1.955898	2.259551	1.946063	5.525751	3.736919	0.695161	1.973548	3.66783	2.062756	4.126905	5.710136	3.275884	1.336789	1.090896	3.068927	5.637343	4.373695	8.032176	2.548507	0.275384	0.377083	1.976336
hsa-miR-15b-5p|MIMAT0000417	131.038055	54.96158	87.80789	110.167588	233.351635	130.857268	53.328867	376.707452	116.772459	146.767966	326.956558	63.905378	71.911513	171.524719	149.593112	101.425987	1393.292555	83.310154	90.962765	99.293263	181.275266	269.95431	242.820616	127.427706	122.235135	160.490909	348.244079	204.48914	263.520166	92.762333	51.803917	194.319771	79.248391	134.530167	36.6783	125.003092	343.083376	177.870717	97.457559	347.230925	229.088076	74.549332	119.994878	125.060326	415.760658	353.39291	66.092127	10.181249	566.22008
hsa-miR-15b-3p|MIMAT0004586	17.77587	19.761467	24.109963	28.689475	4.902345	18.60226	14.367137	26.38116	21.811712	31.77882	64.397695	10.918506	10.60321	8.539428	21.604583	9.112953	142.384243	22.039723	17.847125	10.593389	21.926935	33.775795	52.606905	39.844652	19.19628	22.542748	41.739452	22.101648	74.847636	9.730315	12.43294	58.129847	23.635485	21.051176	4.075367	37.129632	37.142145	15.131858	31.939871	91.904239	27.27239	16.879093	13.288023	7.927321	56.225223	28.883075	25.886082	3.39375	22.727857
hsa-miR-23b-5p|MIMAT0004587	0.471926	NA	0.297654	NA	0.980469	NA	1.704576	0.775916	0.797988	4.181423	0.093738	0.963398	0.271878	0.147232	0.893982	0.11835	1.091066	NA	0.287857	0.632441	NA	1.008232	NA	0.751786	0.141149	NA	1.868931	0.488975	NA	NA	0.690719	0.276808	1.390322	0.548209	0.815074	NA	NA	1.142028	0.27299	0.334197	2.181791	0.383616	0.134222	NA	0.382485	2.548506	0.275384	1.508333	NA
hsa-miR-23b-3p|MIMAT0000418	310.055229	524.913959	395.28433	871.777548	1248.137108	275.185134	1141.09162	549.736828	1218.263955	5385.255462	317.957754	997.758819	458.248982	290.193323	684.641778	249.955292	1421.660296	786.818128	867.888392	413.300299	358.581002	694.672344	877.401974	1587.771754	401.145792	217.688924	1624.100735	832.039019	561.216046	461.054741	934.542645	631.677666	2104.253346	840.073457	1313.490647	729.390988	271.0001	522.762886	1266.675272	436.461586	1577.435043	386.428955	349.51528	205.56364	1048.772515	908.117843	535.62159	580.708269	2061.317781
hsa-miR-27b-5p|MIMAT0004588	11.640835	3.705276	3.571847	6.120421	14.707036	0.962186	11.201498	7.759164	9.841868	61.466925	3.187078	8.67058	6.253177	3.828022	6.853867	6.982652	10.365135	5.509929	9.499277	8.854175	4.914659	10.334385	6.258699	18.042861	5.504814	3.36459	18.066331	9.290517	3.106884	13.784612	10.360784	5.674579	22.245161	26.971821	13.041174	12.376543	11.00508	5.139122	18.563342	2.33938	29.454182	2.941055	2.416003	3.690306	13.386962	8.495021	26.43685	6.410415	11.858013
hsa-miR-27b-3p|MIMAT0000419	399.878434	191.439211	195.856244	355.366977	641.226764	209.435771	686.700465	559.047827	814.481271	2677.365535	401.946592	622.676004	714.221337	600.851824	1129.249192	303.686212	987.415631	387.458338	318.657529	506.901593	493.923119	468.828219	669.257936	1101.742189	605.529713	382.890257	558.187287	1470.150748	320.291395	688.744102	556.028699	973.121312	926.650053	775.165667	543.246365	461.232537	548.878375	476.510789	923.253401	675.746804	283.632859	269.809759	446.692341	352.629118	872.829641	276.088211	278.413073	250.00622	364.633874
hsa-miR-30b-5p|MIMAT0000420	226.996295	165.502284	256.279977	247.11202	745.156482	787.388697	425.900394	1954.145663	259.080586	1039.92005	671.910721	508.031686	270.517789	396.200015	456.080193	261.316897	1592.957816	272.851775	269.14615	228.153149	361.416381	2163.919485	194.442562	151.484853	303.894049	669.216801	383.75376	451.421264	551.048065	298.882831	336.380096	768.144401	708.369393	216.870961	476.002816	185.648157	486.149419	454.24126	183.995503	575.821833	319.632411	251.524074	169.254519	434.089176	323.964377	682.150258	235.453194	181.377063	102.769439
hsa-miR-30b-3p|MIMAT0004589	0.786543	1.852638	1.488269	4.20779	10.785159	6.735301	2.922129	8.147123	2.659964	5.435851	6.561629	4.495856	0.95157	0.294464	2.681948	1.6569	6.546401	3.08556	2.014999	0.790551	3.59148	8.569978	1.014924	1.879465	1.129193	4.373966	4.360839	1.760309	5.648878	1.459547	2.762876	5.259367	9.732259	1.644624	4.89044	0.825103	1.650762	2.284055	1.910932	6.349746	9.818061	2.045951	1.208	0.68339	2.677392	6.796018	3.304606	3.39375	1.976335
hsa-miR-122-5p|MIMAT0000421	NA	NA	NA	NA	NA	NA	NA	NA	NA	NA	0.093738	NA	NA	NA	NA	NA	NA	NA	0.287857	NA	NA	0.504116	NA	NA	NA	NA	NA	NA	NA	NA	NA	0.138404	NA	0.109642	NA	NA	NA	NA	NA	NA	NA	NA	NA	NA	NA	NA	NA	NA	NA
hsa-miR-122-3p|MIMAT0004590	NA	NA	NA	NA	NA	NA	NA	NA	NA	NA	NA	NA	NA	NA	NA	NA	NA	NA	NA	NA	NA	0.252058	NA	NA	NA	NA	NA	NA	NA	NA	NA	NA	NA	NA	NA	NA	NA	NA	NA	NA	NA	NA	NA	NA	NA	NA	NA	NA	NA
hsa-miR-124-5p|MIMAT0004591	NA	NA	NA	NA	NA	NA	NA	NA	NA	NA	2.249703	NA	NA	NA	NA	NA	NA	NA	NA	NA	NA	NA	NA	NA	NA	NA	NA	NA	NA	NA	NA	NA	NA	NA	0.407537	NA	NA	NA	NA	NA	NA	NA	NA	NA	NA	NA	NA	NA	NA
hsa-miR-124-3p|MIMAT0000422	NA	NA	NA	NA	NA	NA	NA	NA	NA	NA	50.993225	NA	NA	NA	0.148997	NA	NA	NA	NA	NA	NA	NA	NA	NA	NA	NA	0.622977	NA	0.564888	NA	NA	NA	NA	NA	0.407537	NA	NA	NA	NA	NA	NA	NA	0.134222	NA	NA	NA	NA	NA	NA
hsa-miR-125b-5p|MIMAT0000423	340.573096	270.485077	619.715343	675.159006	2228.606164	393.854713	922.175409	439.168728	856.774714	4653.088189	268.089381	2716.781327	817.806542	568.902585	964.905364	533.522	2046.841684	1456.384927	1154.018094	893.797476	953.443636	991.092768	613.014219	538.654574	772.791419	290.027594	998.631944	1317.492907	888.003648	925.677264	1502.313564	936.028933	791.788754	393.942044	3605.476807	961.244914	360.691504	1422.394696	1123.355333	660.039536	2756.69319	1141.256919	892.579349	476.049309	4049.745938	1342.213461	378.377413	700.997836	4520.867137
hsa-miR-125b-1-3p|MIMAT0004592	NA	0.617546	2.083578	1.147578	2.941407	0.962187	1.948086	0.387958	2.127971	7.526561	0.656164	1.284531	2.17502	0.294464	1.489971	0.4734	0.545533	2.865162	0.575714	0.948662	0.567075	1.008232	0.676616	0.751786	1.41149	0.336459	0.622977	2.249283	1.129776	0.162172	0.690719	1.245639	1.390322	0.219284	2.44522	1.650205	0.825381	0.856521	1.364952	0.334197	NA	0.511488	1.073778	0.273356	6.884723	1.699004	0.550768	NA	1.976336
hsa-miR-128-3p|MIMAT0000424	135.285387	116.716163	150.910509	118.583166	50.003922	89.162548	100.326453	102.420975	88.576831	123.351995	239.968118	61.978581	157.14501	86.572131	94.464176	143.795304	173.479651	75.155455	94.417046	87.751213	161.80566	73.348931	334.163795	441.674198	359.789101	93.535583	109.643932	207.422987	68.633872	56.273654	70.453327	173.697518	86.895165	197.683693	45.236568	56.519549	175.255901	60.527436	159.426369	248.308544	412.358542	98.972868	168.046516	77.086366	118.952683	233.613103	58.932145	46.004161	345.858688
hsa-miR-130a-5p|MIMAT0004593	0.629234	NA	1.488269	0.382526	NA	0.320729	0.243511	NA	1.861975	13.380555	0.656163	2.247928	0.543755	0.147232	1.638968	0.4734	11.456202	1.983574	1.151428	0.31622	0.945126	0.504116	0.253731	3.383037	0.564596	NA	2.491908	0.880155	1.694664	2.270407	1.381438	0.96883	NA	0.438566	1.630147	1.650204	0.550254	1.142027	1.364952	1.336789	2.181791	0.383616	0.671112	0.136678	0.764969	0.849502	0.550768	NA	NA
hsa-miR-130a-3p|MIMAT0000425	25.169374	9.880735	57.149542	29.837055	16.667973	37.525247	73.296752	38.795823	42.027443	568.67361	21.747111	176.944033	62.123935	24.734896	98.934089	63.909024	265.67481	65.457978	48.647808	70.51719	76.177198	36.800493	27.741261	212.003616	76.079374	35.328188	39.247543	93.980901	144.046392	108.168666	76.669797	129.961728	139.032267	30.480348	196.432671	51.156379	42.094432	79.941896	76.71029	53.137359	79.63538	35.676269	70.064123	70.11579	52.782866	63.712664	20.378406	17.722914	45.455714
hsa-miR-132-5p|MIMAT0004594	1.415777	1.852638	4.464809	3.825261	1.960938	1.603644	1.704576	2.715706	2.925961	16.725693	1.874752	2.247928	2.718774	1.030622	1.191977	1.77525	6.546401	4.187546	3.454282	1.264881	1.701227	2.772639	1.099501	3.007144	0.846895	1.009377	4.360839	3.618413	2.259552	0.973032	6.90719	2.076065	5.56129	1.425341	9.78088	2.475307	1.375635	0.285507	1.910932	4.344563	6.545374	3.196799	4.026672	0.546712	3.442362	11.043527	3.029223	4.525	5.929006
hsa-miR-132-3p|MIMAT0000426	51.439908	26.55447	86.319621	77.652848	468.664208	47.467833	45.780034	76.815729	42.825435	150.949393	107.329489	74.181618	89.311653	55.359053	64.217761	82.48998	94.377293	73.612675	52.389946	57.710256	90.92117	56.71309	107.581965	58.263407	50.249086	70.992834	74.134251	150.701944	64.114767	37.948228	86.339861	132.176197	80.638714	101.089498	90.880676	25.165639	103.998008	31.405745	46.135371	119.976805	137.452847	35.292652	117.578874	36.219658	69.229698	208.977537	48.467559	23.756246	657.131509
hsa-miR-133a-3p|MIMAT0000427	1.415779	2.470184	0.595308	0.382526	2.941407	1.924373	5.84426	4.655498	0.531993	1.254427	5.155568	2.569062	1.087509	1.914011	2.383953	0.9468	4.9098	1.542779	3.74214	0.31622	1.701227	3.780873	0.422885	0.375893	0.282298	0.336459	3.737862	1.17354	1.41222	1.135204	10.360784	3.044897	3.475806	0.219284	5.297977	1.650206	2.476143	1.142028	1.09196	1.670986	3.272688	1.91808	0.939556	1.776814	2.294907	1.699004	0.826152	0.377083	8.89351
hsa-miR-135a-5p|MIMAT0000428	0.157309	13.586009	NA	NA	NA	8.659672	2.678619	1.163874	2.393967	5.435851	0.656163	12.203038	1.223447	0.588926	1.489972	0.7101	106.379031	4.848739	NA	5.69197	2.646354	4.789105	0.084577	NA	1.693789	NA	NA	NA	8.190874	0.486516	0.690719	0.415213	9.037096	43.089125	16.709003	0.412551	5.50254	0.856521	0.818971	0.334197	1.090896	0.127872	0.53689	0.68339	0.382485	5.097013	0.275384	NA	NA
hsa-miR-135a-3p|MIMAT0004595	NA	NA	NA	NA	NA	NA	NA	NA	NA	0.418142	NA	NA	NA	NA	NA	NA	NA	NA	NA	NA	NA	NA	NA	NA	0.141149	NA	NA	NA	NA	NA	NA	0.415213	NA	NA	NA	NA	NA	NA	NA	0.334197	NA	NA	NA	NA	NA	NA	NA	NA	0.988168
hsa-miR-137|MIMAT0000429	0.157309	NA	NA	NA	NA	NA	NA	NA	NA	NA	0.093738	0.321133	0.543755	NA	0.148997	0.11835	NA	NA	NA	NA	NA	NA	0.084577	NA	NA	0.336459	0.622977	0.488975	NA	NA	NA	0.138404	NA	0.219283	0.407537	NA	NA	NA	0.27299	0.334197	NA	0.127872	0.268445	NA	0.382485	NA	NA	NA	NA
hsa-miR-138-5p|MIMAT0000430	0.157309	NA	1.48827	0.382526	NA	NA	1.217555	NA	0.265996	NA	0.374951	1.284532	0.407816	0.294464	NA	0.82845	8.183	0.661191	0.287857	0.31622	0.189025	NA	NA	0.751786	0.705745	NA	NA	0.880155	0.282444	0.486516	NA	0.968829	NA	0.328926	6.11305	NA	NA	0.285507	NA	0.668394	NA	0.767232	0.402666	0.136678	3.442363	NA	NA	0.377083	0.988168
hsa-miR-138-2-3p|MIMAT0004596	0.157309	NA	NA	NA	NA	NA	NA	NA	NA	NA	NA	NA	NA	NA	NA	NA	NA	NA	NA	NA	NA	NA	NA	NA	NA	NA	NA	NA	NA	NA	NA	NA	NA	NA	NA	0.412551	NA	NA	NA	NA	NA	NA	NA	NA	NA	NA	NA	NA	NA
hsa-miR-140-5p|MIMAT0000431	28.787472	27.172017	52.684735	39.400214	10.78516	34.638689	35.552578	48.49478	33.24956	119.170572	31.777028	52.98687	28.275226	36.218953	33.524352	28.759061	104.742429	38.349118	38.284961	30.831507	27.030619	34.027854	31.885535	39.468758	25.406841	42.730284	17.443353	71.194689	53.099455	21.893208	46.278166	33.35546	37.538711	27.958592	32.602934	21.865227	47.046718	32.833279	26.480063	56.81353	40.363138	22.249715	22.683595	25.285422	73.81951	32.281083	17.899951	8.295832	36.562204
hsa-miR-140-3p|MIMAT0004597	426.935513	302.597461	865.577435	377.17098	2046.23892	755.957297	491.648312	560.987616	338.613535	1088.424559	502.152029	862.562017	1064.39914	770.020837	803.243486	866.322322	544.98796	493.249012	629.830779	752.130653	1071.206398	378.843443	935.760117	349.956322	985.079688	835.091049	474.708389	1971.838592	394.291695	579.926751	800.543185	768.421209	480.356478	742.49249	1175.335719	260.732522	758.800279	481.649913	371.812869	1381.905556	860.716635	374.025379	999.151978	862.984589	311.724876	633.728632	262.165426	478.518696	6329.213991
hsa-miR-141-5p|MIMAT0004598	487.027393	1301.169077	333.372327	1111.239044	225.507883	830.687058	777.286483	1086.283076	696.644823	1029.884634	1115.664257	503.856963	905.486932	784.007832	1053.409656	737.320774	1354.559676	732.38001	299.946834	928.265518	719.997384	1980.169072	1145.764851	1896.755744	1038.01061	653.403232	408.672836	344.335847	787.736061	291.422922	734.924889	937.274573	1407.701689	1037.647509	330.919766	399.762369	952.764819	523.619406	634.429599	1625.535341	334.904951	859.299328	616.081083	451.17392	797.09771	741.615412	3698.6805	226.627058	49.408385
hsa-miR-141-3p|MIMAT0000432	883.13042	808.985046	419.394295	1171.29568	64.710957	698.546878	539.132918	1148.356392	1048.824182	1545.454163	1529.14057	627.814128	1308.95266	478.944128	1557.019931	896.146535	4653.400736	715.850216	488.780925	1115.784322	860.254158	2418.750304	2146.73385	2332.039763	1025.448336	354.627706	211.81214	575.522995	1028.09583	342.669246	471.070276	1317.333046	964.883927	1866.647167	381.046778	260.319974	1919.836244	639.820661	646.16818	2471.388536	173.452401	530.41274	734.331069	564.343266	4280.001614	566.617959	767.770177	148.193734	30.633198
hsa-miR-142-5p|MIMAT0000433	46.406036	45.080848	588.759341	167.546539	39.218762	34.959419	49.919718	14.354455	44.953404	15.471266	26.7152	35.966846	41.325331	30.771389	44.699136	80.714729	139.111036	76.918633	23.892119	35.416705	25.329388	50.663694	111.979969	20.298219	127.457653	110.358528	35.509683	303.65317	62.984993	24.163614	32.463789	127.608852	50.051617	71.157361	13.041173	27.640946	40.168542	46.537604	43.678456	161.751459	22.908808	65.85404	40.937848	56.994707	200.421886	28.883075	56.729073	9.804166	143.284315
hsa-miR-142-3p|MIMAT0000434	1913.973597	4011.577749	20602.7074	7350.626327	50.003921	1903.20347	1794.187593	396.493323	2689.224584	840.884286	904.661047	1919.409221	1196.259571	125.294024	2098.475474	2420.850152	5499.523199	3378.028422	2521.91382	1045.425242	549.118506	1735.924694	4022.482939	1652.049443	3414.538301	619.757339	907.677318	6347.573644	3533.655736	748.747708	2844.380347	4247.907738	4474.058318	1806.12504	738.048885	1896.086534	838.311985	1719.036222	2015.214845	6473.400407	1217.439494	3944.848842	720.371932	946.768176	5719.673283	1177.410035	5190.159434	313.733298	3627.563552
hsa-miR-143-5p|MIMAT0004599	22.023203	67.312497	66.674466	110.167589	0.980469	18.602258	115.180611	31.424616	68.095102	544.003212	66.272445	93.770704	38.470621	2.944631	80.607443	16.924056	85.103225	105.12948	148.246276	27.036859	22.494011	50.915753	42.542239	188.698254	15.385253	1.682295	41.739452	59.65489	149.130383	22.055379	145.050965	115.152458	94.54194	36.400992	179.723666	61.470167	72.083275	32.262265	162.702254	79.873138	83.998963	36.059883	33.42139	11.34427	133.869578	58.615651	85.093611	21.493747	69.171739
hsa-miR-143-3p|MIMAT0000435	15616.967431	12812.223458	56834.326158	33601.497052	98285.159618	41607.79961	77535.544053	83344.68111	18716.31154	54695.947781	32941.154195	33057.063008	54201.433531	156535.224263	67354.596309	25078.729407	31386.724327	54983.159444	27752.854178	23482.69854	56203.460789	34291.255244	36928.524722	48941.635858	51036.83907	83843.881714	14659.269024	73972.649898	20834.757323	19712.157835	54814.068841	103966.614644	22529.48353	23176.905198	93375.613903	32974.413554	58697.521243	57549.312729	40996.327459	75887.836723	17271.059196	29394.174798	69222.817063	26164.397063	85730.841833	14185.837098	19182.688271	29492.061265	28932.561509
hsa-miR-144-5p|MIMAT0004600	19.978192	95.719605	22.621694	18.361264	10.78516	116.103752	26.055657	22.501577	11.17185	62.303212	94.487446	40.462702	39.830007	14.281459	19.965613	23.196608	57.281016	26.006872	44.329955	14.229927	361.03833	6.049396	21.228831	9.02143	80.454996	25.907337	16.820376	225.123864	29.656611	20.920177	28.319475	8.16586	12.512903	19.406553	21.191906	18.564815	47.872099	79.085374	28.390997	174.785152	10.908956	13.042937	24.428486	181.098287	4.972299	71.358183	21.204557	2.2625	10.869844
hsa-miR-144-3p|MIMAT0000436	0.786544	4.322822	1.48827	2.677684	NA	3.528016	0.974044	4.26754	1.063986	6.690277	10.686079	0.642266	1.631265	0.294464	1.638967	0.7101	3.273199	2.865163	0.863571	0.47433	31.3782	NA	1.776117	0.375893	5.928262	1.009377	0.622977	22.688419	2.259552	0.973032	0.690719	1.66085	0.695161	0.767492	0.407537	0.825102	3.301524	3.711589	1.910932	31.080342	NA	0.767232	1.879113	5.877153	1.147454	0.849502	1.927688	NA	NA
hsa-miR-145-5p|MIMAT0000437	472.555001	377.320506	844.444008	820.519017	3192.407247	627.665858	2131.693567	1622.441366	705.422707	5185.383413	1116.226684	4386.67056	641.358257	605.121539	1045.661804	546.303802	3982.940075	1595.235186	1944.760847	1006.372003	979.340101	1440.764562	437.009448	1476.507446	549.775812	411.825723	1214.181946	1378.908105	1878.816876	473.055463	2668.247034	1257.127134	754.945202	641.512634	7330.769385	620.477402	1550.065549	2156.718089	2612.790743	905.340303	4384.309431	757.12966	948.684335	523.066524	2915.679382	2408.33871	608.047543	271.122885	6798.59364
hsa-miR-145-3p|MIMAT0004601	9.910443	20.99656	23.81231	30.602107	27.453133	26.941204	45.0495	31.036658	14.895801	170.60208	23.903077	88.632584	30.722121	31.065851	38.143263	14.438704	46.915879	53.997321	40.299959	23.558433	22.11596	21.424944	17.845749	46.610725	25.830288	23.552125	12.459538	40.68268	44.626138	12.487239	65.618294	46.365471	15.988711	22.80544	137.747392	22.277778	34.941129	27.979663	49.957234	30.746144	42.544929	22.761204	27.515601	17.904812	40.925846	27.18407	18.726103	11.68958	30.633198
hsa-miR-152-3p|MIMAT0000438	599.188415	46.933484	195.558588	236.401285	118.636756	121.556137	304.632014	141.604758	600.354092	589.162586	268.558066	240.849409	199.829725	177.119516	210.681931	159.299158	220.395533	300.40143	237.481897	209.812357	280.51355	164.593992	143.611775	400.325975	196.47957	116.751247	252.305638	696.104106	419.14676	263.691526	349.503753	408.708182	212.719366	269.60854	290.981174	290.436231	153.795996	127.907031	454.801942	227.588315	358.904654	176.974742	233.278632	123.830225	283.038535	287.131741	220.582464	161.014566	255.93543
hsa-miR-153-3p|MIMAT0000439	0.943852	81.516051	1.785923	0.765052	NA	19.885172	10.227456	150.527795	0.265996	NA	2.999601	2.569062	2.446895	1.914011	2.979941	1.77525	12.547269	2.203972	0.575714	1.106772	1.512202	58.981614	0.84577	1.879465	2.258385	0.672918	0.622977	1.36913	2.259552	1.135204	NA	2.90649	1.390323	0.328925	3.260294	0.825102	6.603048	5.710136	3.548874	1.002591	2.181792	2.685312	1.476446	0.68339	3.442363	0.849502	1.37692	NA	NA
hsa-miR-191-5p|MIMAT0000440	669.505354	916.438023	636.383959	1377.859907	1104.008158	624.779298	475.82011	1413.719833	970.089218	1672.1513	1687.650753	676.305139	452.40362	651.352235	421.363861	727.379371	8516.323447	867.263117	474.963796	1771.467703	402.056824	6770.786859	1201.585681	437.915269	445.184316	682.675159	4755.182547	399.296582	808.354466	451.162254	451.730147	503.238386	1120.600063	653.573203	475.595279	503.312788	1271.637018	1929.169203	595.391975	1102.51667	3855.225065	555.731382	334.348143	712.365487	1445.026463	4058.921471	698.098063	193.82081	2209.542933
hsa-miR-191-3p|MIMAT0001618	0.314618	6.793005	4.762463	7.268	4.902345	0.320729	1.461066	4.26754	2.925961	8.780988	8.06143	2.890194	2.446895	1.177853	2.383953	1.6569	34.368608	7.273107	2.014999	1.897322	1.701228	32.011388	6.76616	2.631251	1.976087	6.39272	29.279914	1.466925	3.389328	0.81086	10.360784	4.705748	13.208065	2.850681	2.852758	1.650205	1.375635	3.426083	3.002894	10.025916	28.363286	3.580414	0.805334	0.956746	7.267207	28.033571	7.159982	4.902084	17.787018
hsa-miR-9-5p|MIMAT0000441	4132.81124	87.073965	606.023265	1149.109151	218.644599	15410.367426	325.573944	8599.482383	940.29761	402.25295	12573.579289	759.157338	282.480386	413.867797	112.939817	637.906736	260.765009	675.517524	213.87764	520.340966	490.331641	3050.156047	7321.578648	1573.111929	297.542336	126.172099	403.689021	185.321339	1751.717121	148.387298	1510.602192	5964.952683	194.645171	5983.029033	699.740441	239.6924	151.870108	272.373454	931.170121	35081.017763	189.815836	808.917788	597.82683	247.523772	3428.973588	100.241258	431.80188	74.285406	553.373902
